list(num = c(3, 3, 10, 4, 6, 7, 6, 6, 6, 6, 
5, 5, 6, 6, 6, 5, 5, 4, 5, 5, 
6, 6, 5, 7, 7, 8, 4, 6, 4, 6, 
8, 6, 6, 5, 4, 6, 7, 6, 4, 5, 
6, 5, 6, 4, 5, 6, 7, 5, 5, 3, 
5, 6, 6, 4, 6, 6, 7, 4, 5, 6, 
6, 5, 4, 7, 6, 8, 6, 6, 6, 5, 
7, 8, 7, 7, 6, 6, 6, 7, 8, 6, 
6, 7, 4, 5, 5, 2, 6, 8, 4, 8, 
6, 7, 5, 5, 7, 6, 5, 8, 7, 4, 
4, 5, 7, 5, 5, 5, 6, 6, 8, 6, 
5, 6, 5, 6, 4, 6, 6, 8, 6, 6, 
6, 6, 7, 7, 4, 6, 5, 5, 2, 5, 
6, 8, 3, 9, 4, 5, 8, 7, 4, 8, 
4, 4, 6, 5, 7, 6, 7, 6, 5, 5, 
6, 5, 8, 10, 9, 8, 4, 9, 6, 4, 
4, 7, 6, 6, 7, 7, 6, 6, 5, 6, 
4, 7, 6, 5, 6, 4, 4, 2, 6, 7, 
5, 7, 5, 6, 4, 8, 6, 8, 4, 4, 
8, 5, 5, 7, 5, 5, 6, 7, 5, 5, 
7, 6, 8, 4, 6, 6, 4, 5, 4, 5, 
6, 7, 5, 7, 7, 4, 6, 8, 4, 6, 
7, 6, 6, 7, 6, 5, 6, 5, 5, 7, 
7, 8, 7, 6, 6, 4, 4, 5, 7, 3, 
3, 8, 4, 4, 7, 6, 5, 5, 6, 10, 
7, 6, 5, 6, 5, 4, 7, 6, 5, 6, 
7, 6, 5, 7, 5, 5, 7, 7, 5, 3, 
9, 4, 4, 7, 6, 4, 7, 6, 6, 5, 
5, 3, 4, 6, 8, 5, 8, 6, 3, 4, 
6, 5, 4, 7, 5, 7, 3, 5, 6, 4, 
5, 5, 4, 8, 6, 5, 7, 5, 3, 6, 
6, 5, 4, 3, 5, 4, 12, 7, 4, 3, 
4, 7, 6, 4, 3, 7, 5, 3, 6, 6, 
4, 6, 5, 4, 7, 8, 5, 7, 8, 5, 
3, 7, 4, 6, 5, 8, 7, 5, 7, 6, 
7, 6, 5, 7, 6, 5, 6, 7, 7, 5, 
6, 5, 7, 6, 6, 4, 6, 9, 4, 6, 
8, 6, 5, 5, 5, 5, 3, 7, 6, 6, 
9, 6, 2, 1, 10, 3, 7, 5, 5, 5, 
4, 4, 3, 4, 2, 6, 7, 6, 5, 8, 
5, 8, 7, 4, 5, 4, 5, 5, 8, 7, 
4, 5, 7, 6, 7, 9, 5, 5, 4, 6, 
6, 5, 5, 8, 5, 5, 9, 6, 5, 6, 
6, 6, 6, 7, 5, 7, 9, 7, 6, 6, 
5, 4, 5, 5, 6, 6, 6, 6, 6, 6, 
6, 8, 7, 4, 7, 5, 4, 5, 5, 6, 
7, 5, 6, 6, 5, 7, 6, 5, 7, 3, 
11, 7, 5, 8, 5, 4, 5, 5, 5, 5, 
5, 4, 6, 8, 5, 7, 5, 6, 7, 7, 
4, 6, 6, 10, 2, 6, 5, 6, 7, 4, 
6, 6, 2, 7, 4, 6, 3, 6, 4, 2, 
7, 5, 6, 5, 7, 3, 8, 5, 8, 5, 
5, 8, 7, 5, 5, 8, 4, 5, 5, 6, 
2, 7, 5, 9, 6, 4, 5, 8, 4, 4, 
6, 8, 5, 5, 5, 6, 6, 6, 4, 6, 
5, 7, 6, 3, 6, 6, 6, 4, 7, 5, 
7, 2, 6, 4, 4, 6, 4, 6, 5, 5, 
7, 5, 6, 7, 4, 6, 5, 9, 7, 7, 
5, 8, 6, 6, 3, 7, 4, 6, 5, 8, 
5, 6, 8, 5, 5, 5, 5, 8, 7, 7, 
3, 5, 5, 5, 8, 5, 5, 4, 5, 5, 
7, 4, 4, 6, 7, 12, 5, 7, 7, 5, 
4, 9, 6, 3, 3, 5, 7, 6
),
adj = c(
346, 3, 2, 
346, 3, 1, 
623, 566, 564, 349, 346, 218, 117, 4, 2, 1, 
568, 566, 564, 3, 
486, 472, 466, 14, 11, 10, 
20, 17, 16, 15, 13, 12, 9, 
487, 484, 19, 16, 15, 14, 
485, 477, 474, 295, 285, 21, 
294, 287, 285, 20, 13, 6, 
18, 15, 14, 12, 11, 5, 
472, 461, 18, 10, 5, 
18, 17, 15, 10, 6, 
285, 21, 19, 16, 9, 6, 
487, 486, 15, 10, 7, 5, 
16, 14, 12, 10, 7, 6, 
19, 15, 13, 7, 6, 
300, 20, 18, 12, 6, 
17, 12, 11, 10, 
484, 21, 16, 13, 7, 
300, 287, 17, 9, 6, 
484, 477, 285, 19, 13, 8, 
188, 187, 175, 37, 27, 26, 
266, 78, 33, 29, 25, 
114, 112, 111, 74, 67, 32, 31, 
78, 69, 41, 36, 34, 33, 23, 
249, 246, 245, 188, 42, 37, 28, 22, 
175, 37, 35, 22, 
249, 42, 40, 31, 30, 26, 
266, 265, 33, 23, 
40, 36, 34, 32, 31, 28, 
251, 249, 116, 114, 32, 30, 28, 24, 
67, 41, 34, 31, 30, 24, 
39, 38, 36, 29, 25, 23, 
41, 36, 32, 30, 25, 
175, 39, 37, 27, 
40, 38, 34, 33, 30, 25, 
42, 39, 38, 35, 27, 26, 22, 
42, 40, 39, 37, 36, 33, 
38, 37, 35, 33, 
42, 38, 36, 30, 28, 
82, 69, 67, 34, 32, 25, 
40, 38, 37, 28, 26, 
60, 58, 50, 49, 48, 47, 
63, 59, 56, 54, 
198, 62, 57, 55, 46, 
62, 60, 55, 52, 48, 45, 
61, 59, 56, 52, 49, 48, 43, 
60, 52, 47, 46, 43, 
59, 58, 54, 47, 43, 
60, 58, 43, 
94, 93, 62, 60, 57, 
61, 55, 53, 48, 47, 46, 
206, 205, 197, 61, 55, 52, 
59, 58, 49, 44, 
198, 197, 53, 52, 46, 45, 
193, 63, 61, 59, 47, 44, 
198, 196, 94, 90, 62, 51, 45, 
54, 50, 49, 43, 
56, 54, 49, 47, 44, 
62, 51, 50, 48, 46, 43, 
205, 193, 56, 53, 52, 47, 
60, 57, 51, 46, 45, 
207, 193, 56, 44, 
166, 162, 158, 83, 81, 80, 79, 
82, 81, 79, 76, 72, 69, 
124, 119, 111, 84, 77, 74, 73, 71, 
82, 74, 68, 41, 32, 24, 
84, 82, 79, 74, 70, 67, 
82, 78, 72, 65, 41, 25, 
154, 84, 79, 71, 68, 
368, 232, 154, 84, 77, 70, 66, 
274, 273, 267, 78, 76, 75, 69, 65, 
621, 619, 614, 124, 119, 77, 66, 
124, 111, 84, 68, 67, 66, 24, 
274, 268, 267, 80, 76, 72, 
83, 81, 80, 75, 72, 65, 
621, 614, 368, 73, 71, 66, 
278, 273, 266, 72, 69, 25, 23, 
158, 154, 82, 81, 70, 68, 65, 64, 
268, 162, 83, 76, 75, 64, 
83, 82, 79, 76, 65, 64, 
81, 79, 69, 68, 67, 65, 41, 
81, 80, 76, 64, 
74, 71, 70, 68, 66, 
104, 103, 90, 88, 87, 
136, 96, 
103, 98, 97, 96, 88, 85, 
421, 416, 105, 104, 98, 92, 87, 85, 
101, 97, 96, 93, 
424, 196, 104, 103, 100, 94, 85, 57, 
148, 143, 102, 99, 95, 92, 
421, 416, 105, 102, 99, 91, 88, 
103, 101, 94, 89, 51, 
103, 93, 90, 57, 51, 
517, 431, 401, 145, 143, 102, 91, 
136, 98, 97, 89, 87, 86, 
103, 101, 96, 89, 87, 
136, 134, 133, 106, 105, 96, 88, 87, 
148, 142, 126, 106, 105, 92, 91, 
424, 203, 196, 90, 
103, 97, 93, 89, 
431, 416, 95, 92, 91, 
101, 97, 94, 93, 90, 87, 85, 
424, 421, 90, 88, 85, 
106, 99, 98, 92, 88, 
142, 134, 105, 99, 98, 
123, 115, 114, 113, 112, 109, 
628, 620, 122, 121, 120, 117, 
622, 123, 122, 121, 118, 115, 110, 107, 
357, 354, 347, 122, 118, 109, 
124, 112, 74, 66, 24, 
124, 123, 114, 111, 107, 24, 
118, 116, 115, 114, 107, 
116, 113, 112, 107, 31, 24, 
118, 113, 109, 107, 
355, 251, 118, 114, 113, 31, 
628, 623, 349, 120, 108, 3, 
357, 355, 354, 116, 115, 113, 110, 109, 
619, 609, 124, 123, 73, 66, 
349, 347, 122, 121, 117, 108, 
622, 620, 122, 120, 109, 108, 
347, 121, 120, 110, 109, 108, 
622, 609, 124, 119, 112, 109, 107, 
123, 119, 112, 111, 74, 73, 66, 
148, 140, 132, 126, 
148, 142, 134, 132, 125, 99, 
147, 145, 144, 140, 137, 
534, 147, 146, 140, 132, 
135, 130, 
538, 535, 138, 135, 129, 
146, 141, 139, 138, 134, 132, 
146, 141, 140, 134, 131, 128, 126, 125, 
136, 134, 98, 
142, 141, 136, 133, 132, 131, 126, 106, 98, 
139, 138, 130, 129, 
134, 133, 98, 96, 86, 
446, 443, 410, 403, 147, 145, 144, 127, 
538, 535, 146, 139, 135, 131, 130, 
141, 138, 135, 131, 
148, 147, 144, 143, 132, 128, 127, 125, 
139, 134, 132, 131, 
134, 126, 106, 99, 
148, 145, 144, 140, 95, 91, 
145, 143, 140, 137, 127, 
403, 401, 144, 143, 137, 127, 95, 
535, 534, 138, 132, 131, 128, 
534, 446, 437, 140, 137, 128, 127, 
143, 140, 126, 125, 99, 91, 
170, 167, 158, 154, 153, 
166, 159, 158, 155, 152, 
168, 165, 160, 159, 156, 155, 
171, 158, 155, 153, 150, 
344, 326, 171, 167, 161, 158, 152, 149, 
244, 232, 230, 170, 167, 158, 149, 79, 71, 70, 
342, 326, 171, 165, 161, 159, 152, 151, 150, 
323, 166, 164, 163, 160, 159, 157, 151, 
166, 163, 162, 156, 
167, 166, 154, 153, 152, 150, 149, 79, 64, 
166, 165, 156, 155, 151, 150, 
323, 168, 156, 151, 
326, 171, 155, 153, 
281, 268, 166, 163, 157, 80, 64, 
317, 281, 164, 162, 157, 156, 
323, 317, 307, 303, 163, 156, 
342, 335, 169, 168, 159, 155, 151, 
162, 159, 158, 157, 156, 150, 64, 
344, 170, 158, 154, 153, 149, 
323, 318, 169, 165, 160, 151, 
336, 335, 318, 168, 165, 
344, 327, 230, 167, 154, 149, 
161, 155, 153, 152, 
263, 262, 246, 191, 188, 184, 180, 
192, 186, 184, 182, 180, 179, 
190, 189, 186, 181, 175, 
187, 181, 174, 35, 27, 22, 
586, 191, 183, 180, 
190, 186, 185, 178, 
190, 177, 
192, 189, 187, 186, 181, 173, 
191, 184, 183, 182, 176, 173, 172, 
189, 187, 179, 175, 174, 
573, 572, 186, 185, 183, 180, 173, 
586, 573, 182, 180, 176, 
192, 191, 188, 180, 173, 172, 
572, 186, 182, 177, 
190, 189, 185, 182, 179, 177, 174, 173, 
192, 188, 181, 179, 175, 22, 
246, 245, 192, 187, 184, 172, 26, 22, 
186, 181, 179, 174, 
186, 178, 177, 174, 
586, 579, 262, 255, 184, 180, 176, 172, 
188, 187, 184, 179, 173, 
207, 205, 63, 61, 56, 
417, 204, 203, 202, 201, 199, 195, 
209, 208, 204, 202, 194, 
203, 198, 100, 90, 57, 
206, 202, 199, 198, 55, 53, 
203, 199, 197, 196, 57, 55, 45, 
203, 202, 198, 197, 194, 
209, 208, 207, 206, 205, 
428, 427, 422, 418, 417, 204, 194, 
208, 206, 199, 197, 195, 194, 
426, 424, 417, 199, 198, 196, 194, 100, 
209, 201, 195, 194, 
207, 206, 200, 193, 61, 53, 
208, 205, 202, 200, 197, 53, 
205, 200, 193, 63, 
209, 206, 202, 200, 195, 
208, 204, 200, 195, 
352, 351, 250, 223, 222, 
226, 225, 223, 222, 221, 217, 
228, 227, 224, 221, 220, 217, 216, 
356, 351, 226, 222, 214, 
356, 226, 224, 217, 216, 215, 213, 
359, 356, 348, 224, 219, 218, 214, 
224, 217, 214, 212, 
226, 221, 216, 214, 212, 211, 
567, 566, 552, 346, 224, 219, 215, 3, 
359, 346, 218, 215, 
583, 582, 471, 228, 221, 212, 
582, 578, 225, 220, 217, 212, 211, 
351, 226, 223, 213, 211, 210, 
257, 250, 225, 222, 211, 210, 
552, 227, 218, 216, 215, 214, 212, 
582, 578, 257, 223, 221, 211, 
222, 217, 214, 213, 211, 
556, 555, 552, 228, 224, 212, 
555, 471, 227, 220, 212, 
371, 370, 242, 235, 231, 
327, 244, 242, 240, 235, 170, 154, 
370, 367, 361, 237, 235, 234, 229, 
377, 372, 371, 368, 244, 242, 154, 71, 
375, 367, 243, 239, 237, 236, 234, 
238, 237, 236, 235, 233, 231, 
242, 240, 234, 231, 230, 229, 
243, 238, 234, 233, 
367, 234, 233, 231, 
243, 241, 239, 236, 234, 
378, 375, 366, 243, 241, 238, 233, 
327, 235, 230, 
366, 239, 238, 
372, 371, 370, 244, 235, 232, 230, 229, 
239, 238, 236, 233, 
242, 232, 230, 154, 
254, 253, 252, 249, 246, 188, 26, 
263, 254, 245, 188, 172, 26, 
262, 261, 260, 259, 255, 
353, 258, 253, 252, 251, 
253, 251, 245, 31, 28, 26, 
352, 350, 261, 258, 257, 256, 254, 252, 223, 210, 
355, 353, 253, 249, 248, 116, 31, 
258, 254, 253, 250, 248, 245, 
252, 251, 249, 248, 245, 
263, 261, 252, 250, 246, 245, 
579, 262, 260, 247, 191, 
261, 259, 257, 250, 
578, 260, 259, 256, 250, 225, 223, 
360, 353, 350, 252, 250, 248, 
261, 260, 257, 256, 247, 
579, 578, 259, 257, 255, 247, 
263, 262, 259, 256, 254, 250, 247, 
263, 261, 255, 247, 191, 172, 
262, 261, 254, 246, 172, 
283, 282, 278, 275, 274, 269, 265, 
282, 278, 266, 264, 29, 
278, 265, 78, 29, 23, 
284, 275, 274, 272, 268, 75, 72, 
284, 281, 280, 267, 162, 80, 75, 
283, 282, 271, 270, 264, 
276, 271, 269, 
284, 283, 279, 277, 276, 275, 272, 270, 269, 
284, 275, 271, 267, 
278, 274, 78, 72, 
278, 275, 273, 267, 264, 75, 72, 
283, 274, 272, 271, 267, 264, 
315, 277, 271, 270, 
317, 315, 308, 306, 279, 276, 271, 
274, 273, 266, 265, 264, 78, 
317, 306, 284, 280, 277, 271, 
317, 284, 281, 279, 268, 
317, 280, 268, 163, 162, 
269, 265, 264, 
275, 271, 269, 264, 
280, 279, 272, 271, 268, 267, 
298, 296, 295, 294, 21, 13, 9, 8, 
302, 299, 291, 290, 288, 
302, 300, 299, 297, 294, 290, 20, 9, 
301, 299, 298, 294, 291, 286, 
293, 292, 291, 
302, 299, 287, 286, 
301, 296, 293, 289, 288, 286, 
485, 296, 295, 293, 289, 
296, 292, 291, 289, 
301, 299, 298, 288, 287, 285, 9, 
485, 296, 292, 285, 8, 
301, 298, 295, 293, 292, 291, 285, 
302, 300, 287, 
301, 296, 294, 288, 285, 
302, 294, 290, 288, 287, 286, 
297, 287, 20, 17, 
298, 296, 294, 291, 288, 
299, 297, 290, 287, 286, 
323, 318, 307, 164, 
336, 324, 321, 318, 316, 311, 307, 305, 
324, 320, 319, 311, 307, 304, 
317, 313, 308, 279, 277, 
318, 317, 311, 305, 304, 303, 164, 
322, 315, 313, 306, 277, 
322, 314, 312, 
336, 330, 329, 325, 321, 316, 
319, 317, 312, 307, 305, 304, 
322, 319, 317, 311, 309, 
322, 317, 308, 306, 
322, 315, 309, 
322, 314, 308, 277, 276, 
336, 321, 310, 304, 
322, 313, 312, 311, 307, 306, 281, 280, 279, 277, 164, 163, 
336, 323, 307, 304, 303, 169, 168, 
320, 312, 311, 305, 
324, 319, 305, 
324, 316, 310, 304, 
317, 315, 314, 313, 312, 309, 308, 
318, 303, 168, 164, 160, 156, 
321, 320, 305, 304, 
331, 330, 310, 
344, 343, 342, 328, 161, 155, 153, 
344, 328, 240, 230, 170, 
344, 327, 326, 
340, 338, 336, 334, 330, 310, 
338, 333, 331, 329, 325, 310, 
333, 332, 330, 325, 
511, 502, 500, 499, 333, 331, 
502, 338, 332, 331, 330, 
340, 336, 335, 329, 
342, 340, 337, 336, 334, 169, 165, 
335, 334, 329, 318, 316, 310, 304, 169, 
342, 340, 339, 338, 335, 
502, 340, 339, 337, 333, 330, 329, 
512, 506, 502, 343, 342, 341, 338, 337, 
338, 337, 335, 334, 329, 
506, 343, 339, 
343, 339, 337, 335, 326, 165, 155, 
342, 341, 339, 326, 
328, 327, 326, 170, 167, 153, 
359, 358, 349, 347, 346, 
359, 349, 345, 219, 218, 3, 2, 1, 
358, 354, 349, 345, 122, 120, 110, 
359, 358, 356, 351, 215, 
359, 347, 346, 345, 120, 117, 3, 
360, 357, 354, 352, 258, 250, 
358, 356, 352, 348, 222, 213, 210, 
358, 354, 351, 350, 250, 210, 
360, 355, 258, 251, 248, 
358, 357, 352, 350, 347, 118, 110, 
360, 357, 353, 251, 118, 116, 
351, 348, 215, 214, 213, 
360, 355, 354, 350, 118, 110, 
359, 354, 352, 351, 348, 347, 345, 
358, 349, 348, 346, 345, 219, 215, 
357, 355, 353, 350, 258, 
374, 370, 367, 365, 363, 231, 
616, 378, 374, 369, 365, 
617, 616, 374, 373, 371, 370, 361, 
627, 610, 373, 372, 371, 368, 
378, 375, 374, 367, 362, 361, 
378, 376, 241, 239, 
375, 365, 361, 237, 233, 231, 
627, 621, 614, 377, 372, 364, 232, 77, 71, 
616, 378, 376, 362, 
371, 363, 361, 242, 231, 229, 
373, 372, 370, 364, 363, 242, 232, 229, 
377, 371, 368, 364, 242, 232, 
617, 610, 371, 364, 363, 
616, 365, 363, 362, 361, 
378, 367, 365, 239, 233, 
616, 612, 378, 369, 366, 
372, 368, 232, 
376, 375, 369, 366, 365, 362, 239, 
393, 392, 390, 389, 381, 380, 
392, 391, 390, 387, 381, 379, 
452, 448, 390, 388, 387, 386, 385, 380, 379, 
501, 498, 394, 388, 387, 385, 
393, 384, 
383, 
600, 498, 496, 451, 448, 394, 388, 386, 382, 381, 
388, 385, 381, 
501, 499, 391, 388, 382, 381, 380, 
387, 386, 385, 382, 381, 
551, 540, 452, 390, 379, 
452, 389, 381, 380, 379, 
499, 392, 387, 380, 
393, 391, 380, 379, 
392, 383, 379, 
501, 498, 385, 382, 
515, 406, 
414, 412, 409, 400, 399, 397, 
602, 598, 589, 412, 400, 398, 396, 
602, 599, 598, 404, 400, 397, 
415, 414, 402, 400, 396, 
415, 414, 408, 404, 399, 398, 397, 396, 
517, 413, 403, 145, 95, 
533, 530, 514, 513, 415, 414, 413, 399, 
413, 411, 410, 409, 401, 145, 137, 
599, 408, 400, 398, 
599, 523, 415, 408, 406, 
523, 515, 405, 395, 
594, 590, 411, 410, 409, 
599, 415, 405, 404, 400, 
590, 414, 413, 412, 411, 407, 403, 396, 
594, 443, 440, 411, 407, 403, 137, 
410, 409, 407, 403, 
590, 589, 409, 397, 396, 
533, 517, 414, 409, 403, 402, 401, 
413, 409, 402, 400, 399, 396, 
523, 514, 408, 405, 402, 400, 399, 
433, 431, 430, 429, 421, 419, 102, 92, 88, 
427, 426, 203, 201, 194, 
432, 428, 427, 425, 201, 
433, 430, 427, 416, 
526, 432, 430, 429, 425, 423, 
433, 424, 416, 104, 92, 88, 
531, 528, 522, 428, 201, 
526, 517, 431, 429, 420, 
433, 427, 426, 421, 203, 104, 100, 90, 
432, 430, 427, 420, 418, 
433, 427, 424, 417, 203, 
433, 430, 426, 425, 424, 419, 418, 417, 201, 
524, 522, 432, 422, 418, 201, 
431, 430, 423, 420, 416, 
429, 427, 425, 420, 419, 416, 
517, 429, 423, 416, 102, 95, 
526, 524, 428, 425, 420, 418, 
427, 426, 424, 421, 419, 416, 
450, 447, 445, 442, 438, 437, 436, 
452, 449, 445, 444, 438, 
605, 595, 450, 442, 440, 439, 434, 
550, 534, 447, 446, 445, 442, 439, 434, 147, 
452, 450, 448, 445, 441, 435, 434, 
446, 443, 442, 440, 437, 436, 
595, 594, 443, 439, 436, 410, 
453, 451, 450, 448, 438, 
439, 437, 436, 434, 
446, 440, 439, 410, 137, 
551, 542, 452, 449, 435, 
449, 447, 438, 437, 435, 434, 
534, 443, 439, 437, 147, 137, 
550, 541, 449, 445, 437, 434, 
452, 451, 441, 438, 385, 381, 
542, 541, 447, 445, 444, 435, 
605, 453, 441, 438, 436, 434, 
607, 600, 453, 448, 441, 385, 
551, 448, 444, 438, 435, 390, 389, 381, 
607, 605, 603, 591, 451, 450, 441, 
470, 469, 461, 458, 
469, 468, 465, 464, 461, 460, 459, 
473, 471, 469, 468, 457, 
470, 469, 458, 456, 
470, 469, 461, 457, 454, 
472, 464, 461, 460, 455, 
472, 467, 466, 464, 459, 455, 
472, 469, 459, 458, 455, 454, 11, 
569, 494, 471, 467, 463, 
473, 471, 467, 465, 464, 462, 
467, 465, 463, 460, 459, 455, 
473, 468, 464, 463, 455, 
494, 493, 486, 472, 467, 460, 5, 
494, 466, 464, 463, 462, 460, 
473, 469, 465, 456, 455, 
468, 461, 458, 457, 456, 455, 454, 
458, 457, 454, 
583, 570, 569, 557, 555, 473, 463, 462, 456, 228, 220, 
486, 466, 461, 460, 459, 11, 5, 
471, 468, 465, 463, 456, 
491, 489, 485, 483, 482, 477, 475, 8, 
489, 483, 481, 479, 474, 
490, 488, 483, 482, 
491, 484, 474, 21, 8, 
588, 576, 492, 490, 488, 
494, 490, 483, 481, 475, 
493, 489, 487, 486, 484, 
494, 493, 489, 479, 475, 
485, 483, 476, 474, 
490, 482, 479, 476, 475, 474, 
491, 489, 487, 480, 477, 21, 19, 7, 
482, 474, 295, 292, 8, 
493, 487, 480, 472, 466, 14, 5, 
486, 484, 480, 14, 7, 
577, 576, 572, 490, 478, 476, 
493, 491, 484, 481, 480, 475, 474, 
494, 492, 488, 483, 479, 478, 476, 
489, 484, 477, 474, 
588, 584, 574, 494, 490, 478, 
494, 489, 486, 481, 480, 466, 
584, 569, 493, 492, 490, 481, 479, 467, 466, 462, 
604, 504, 
600, 507, 505, 504, 498, 385, 
511, 509, 508, 500, 499, 
507, 501, 496, 394, 385, 382, 
509, 501, 500, 497, 391, 387, 332, 
511, 499, 497, 332, 
509, 499, 498, 394, 387, 382, 
512, 511, 339, 338, 333, 332, 
505, 504, 
608, 604, 600, 505, 503, 496, 495, 
507, 504, 503, 496, 
512, 511, 510, 508, 341, 339, 
505, 498, 496, 
512, 511, 510, 509, 506, 497, 
508, 501, 499, 497, 
508, 506, 
512, 508, 506, 502, 500, 497, 332, 
511, 508, 506, 502, 339, 
532, 530, 525, 520, 514, 402, 
523, 520, 513, 415, 402, 
527, 523, 521, 519, 516, 406, 395, 
521, 519, 515, 
533, 526, 518, 431, 423, 413, 401, 95, 
533, 532, 530, 526, 517, 
529, 525, 523, 522, 521, 520, 516, 515, 
525, 523, 519, 514, 513, 
529, 527, 519, 516, 515, 
532, 529, 528, 525, 524, 519, 428, 422, 
520, 519, 515, 514, 415, 406, 405, 
532, 526, 522, 432, 428, 
532, 522, 520, 519, 513, 
532, 530, 524, 518, 517, 432, 423, 420, 
529, 528, 521, 515, 
531, 529, 527, 522, 422, 
528, 527, 522, 521, 519, 
533, 532, 526, 518, 513, 402, 
528, 422, 
530, 526, 525, 524, 522, 518, 513, 
530, 518, 517, 413, 402, 
550, 549, 548, 535, 446, 437, 147, 146, 128, 
549, 538, 534, 146, 138, 130, 
546, 545, 539, 538, 
548, 547, 545, 543, 538, 
549, 548, 545, 537, 536, 535, 138, 130, 
546, 542, 540, 536, 
551, 542, 539, 389, 
550, 547, 544, 542, 449, 447, 
551, 546, 544, 541, 540, 539, 449, 444, 
547, 546, 545, 544, 537, 
547, 546, 543, 542, 541, 
546, 543, 538, 537, 536, 
545, 544, 543, 542, 539, 536, 
550, 548, 544, 543, 541, 537, 
550, 549, 547, 538, 537, 534, 
548, 538, 535, 534, 
548, 547, 541, 534, 447, 437, 
542, 540, 452, 444, 389, 
567, 560, 556, 553, 227, 224, 218, 
568, 567, 566, 563, 560, 552, 
562, 559, 558, 
561, 557, 556, 471, 228, 227, 
561, 560, 557, 555, 552, 227, 
561, 559, 558, 556, 555, 471, 
561, 559, 557, 554, 
565, 563, 562, 561, 558, 557, 554, 
563, 561, 556, 553, 552, 
563, 560, 559, 558, 557, 556, 555, 
559, 554, 
568, 565, 561, 560, 559, 553, 
568, 565, 4, 3, 
568, 564, 563, 559, 
568, 567, 553, 218, 4, 3, 
566, 553, 552, 218, 
566, 565, 564, 563, 553, 4, 
584, 570, 494, 471, 462, 
584, 583, 575, 569, 471, 
588, 587, 586, 581, 580, 579, 576, 
577, 573, 488, 185, 182, 
586, 581, 577, 572, 183, 182, 
588, 584, 583, 582, 580, 575, 492, 
584, 583, 574, 570, 
588, 581, 577, 571, 488, 478, 
581, 576, 573, 572, 488, 
587, 585, 582, 580, 579, 260, 257, 225, 221, 
587, 586, 578, 571, 260, 255, 191, 
588, 587, 585, 582, 578, 574, 571, 
586, 577, 576, 573, 571, 
585, 583, 580, 578, 574, 225, 221, 220, 
582, 575, 574, 570, 471, 220, 
575, 574, 570, 569, 494, 492, 
582, 580, 578, 
581, 579, 573, 571, 191, 183, 176, 
580, 579, 578, 571, 
580, 576, 574, 571, 492, 478, 
598, 597, 590, 412, 397, 
605, 597, 595, 594, 589, 412, 409, 407, 
606, 605, 603, 593, 453, 
608, 607, 604, 603, 600, 593, 
606, 604, 603, 601, 598, 596, 592, 591, 
595, 590, 440, 410, 407, 
605, 594, 590, 440, 436, 
602, 601, 599, 598, 593, 
606, 605, 598, 590, 589, 
606, 602, 597, 596, 593, 589, 398, 397, 
602, 601, 596, 408, 405, 404, 398, 
608, 607, 592, 504, 496, 451, 385, 
599, 596, 593, 
599, 598, 596, 398, 397, 
607, 593, 592, 591, 453, 
608, 593, 592, 504, 495, 
606, 597, 595, 591, 590, 453, 450, 436, 
605, 598, 597, 593, 591, 
603, 600, 592, 453, 451, 
604, 600, 592, 504, 
622, 619, 618, 123, 119, 
627, 617, 615, 373, 364, 
628, 622, 620, 618, 616, 615, 613, 
626, 624, 616, 376, 
622, 618, 615, 611, 
627, 621, 619, 368, 77, 73, 
627, 618, 617, 616, 613, 611, 610, 
628, 626, 623, 617, 615, 612, 611, 376, 374, 369, 363, 362, 
616, 615, 610, 373, 363, 
627, 622, 619, 615, 613, 611, 609, 
627, 622, 618, 614, 609, 119, 73, 
628, 622, 611, 121, 108, 
614, 368, 77, 73, 
620, 619, 618, 613, 611, 609, 123, 121, 109, 
628, 626, 625, 616, 117, 3, 
626, 625, 612, 
626, 624, 623, 
625, 624, 623, 616, 612, 
619, 618, 615, 614, 610, 368, 364, 
623, 620, 616, 611, 117, 108
),
sumNumNeigh = 3576)
